[gd_scene load_steps=3 format=3 uid="uid://cqn1gwnk28s6e"]

[ext_resource type="Environment" uid="uid://cfgh4ncavbfvh" path="res://default_environment.tres" id="1_1hblr"]
[ext_resource type="PackedScene" uid="uid://6gt3lboyigry" path="res://assets/asteroid belt/untitled.glb" id="2_ccp6r"]

[node name="AsteroidSkybox" type="Node3D"]

[node name="WorldEnvironment" type="WorldEnvironment" parent="."]
environment = ExtResource("1_1hblr")

[node name="Node3D" type="Node3D" parent="."]
transform = Transform3D(-0.105726, -0.0416122, 0.0395863, -0.0368891, -0.0143628, -0.11362, 0.044021, -0.111976, -0.000137289, -6.48563, -0.521476, -10.7079)

[node name="untitled" parent="Node3D" instance=ExtResource("2_ccp6r")]
transform = Transform3D(0.935252, -0.274505, -0.223495, 0.269518, 0.961528, -0.0531448, 0.229485, -0.010532, 0.973255, -14.9761, -19.2607, -9.39266)

[node name="untitled2" parent="Node3D" instance=ExtResource("2_ccp6r")]
transform = Transform3D(1, -1.49012e-08, -1.49012e-08, 0, 1, -3.35276e-08, 1.49012e-08, 4.09782e-08, 1, 21.5277, -10.7287, 2.4886)

[node name="untitled3" parent="Node3D" instance=ExtResource("2_ccp6r")]
transform = Transform3D(0.694471, -0.564524, -0.446119, 0.540988, 0.818459, -0.193535, 0.474385, -0.106941, 0.873798, -13.5232, -2.56543, 0.371998)

[node name="untitled4" parent="Node3D" instance=ExtResource("2_ccp6r")]
transform = Transform3D(0.916345, -0.357962, -0.179375, 0.207618, 0.807874, -0.551574, 0.342355, 0.468191, 0.81461, 23.1351, 4.32467, 14.2252)
